Rules,Antecedence,Consequent,sup(A),sup(B),sup(A U B),Kulczynski,IR
"If ['Latitude 148', 'Longitude 6'], Then ['Region Name ISLAND OF HAWAII, HAWAII']","('Latitude 148', 'Longitude 6')","('Region Name ISLAND OF HAWAII, HAWAII',)",28010,27976,27191,0.9714,0.0011807605487063725
"If ['Region Name ISLAND OF HAWAII, HAWAII'], Then ['Longitude 6']","('Region Name ISLAND OF HAWAII, HAWAII',)","('Longitude 6',)",27976,30265,27976,0.9622,0.07563191805716174
"If ['Longitude 6'], Then ['Latitude 148', 'Region Name ISLAND OF HAWAII, HAWAII']","('Longitude 6',)","('Latitude 148', 'Region Name ISLAND OF HAWAII, HAWAII')",30265,27191,27191,0.9492,0.10156946968445399
"If ['Latitude 148', 'Region Name ISLAND OF HAWAII, HAWAII'], Then ['Longitude 6']","('Latitude 148', 'Region Name ISLAND OF HAWAII, HAWAII')","('Longitude 6',)",27191,30265,27191,0.9492,0.10156946968445399
"If ['Latitude 148', 'Longitude 6'], Then ['Region Name ISLAND OF HAWAII, HAWAII', 'Year 41']","('Latitude 148', 'Longitude 6')","('Region Name ISLAND OF HAWAII, HAWAII', 'Year 41')",28010,24930,24576,0.9316,0.10858835143139191
"If ['Latitude 148', 'Longitude 6', 'Year 41'], Then ['Region Name ISLAND OF HAWAII, HAWAII']","('Latitude 148', 'Longitude 6', 'Year 41')","('Region Name ISLAND OF HAWAII, HAWAII',)",25152,27976,24576,0.9278,0.09890725693471561
"If ['Latitude 148', 'Region Name ISLAND OF HAWAII, HAWAII'], Then ['Longitude 6', 'Year 41']","('Latitude 148', 'Region Name ISLAND OF HAWAII, HAWAII')","('Longitude 6', 'Year 41')",27191,25897,24576,0.9264,0.04538439955106622
"If ['Region Name ISLAND OF HAWAII, HAWAII', 'Year 41'], Then ['Longitude 6']","('Region Name ISLAND OF HAWAII, HAWAII', 'Year 41')","('Longitude 6',)",24930,30265,24930,0.9119,0.1762762266644639
"If ['Longitude 6', 'Region Name ISLAND OF HAWAII, HAWAII'], Then ['Latitude 148', 'Year 41']","('Longitude 6', 'Region Name ISLAND OF HAWAII, HAWAII')","('Latitude 148', 'Year 41')",27976,26000,24576,0.9118,0.06721088435374149
"If ['Latitude 148', 'Year 41'], Then ['Longitude 6', 'Region Name ISLAND OF HAWAII, HAWAII']","('Latitude 148', 'Year 41')","('Longitude 6', 'Region Name ISLAND OF HAWAII, HAWAII')",26000,27976,24576,0.9118,0.06721088435374149
"If ['Longitude 6'], Then ['Latitude 148', 'Year 41']","('Longitude 6',)","('Latitude 148', 'Year 41')",30265,26000,25152,0.8992,0.13708096294153568
"If ['Latitude 148', 'Longitude 6', 'Magnitude Type ML'], Then ['Region Name ISLAND OF HAWAII, HAWAII']","('Latitude 148', 'Longitude 6', 'Magnitude Type ML')","('Region Name ISLAND OF HAWAII, HAWAII',)",22697,27976,22309,0.8902,0.18611620363841488
"If ['Magnitude Type ML', 'Region Name ISLAND OF HAWAII, HAWAII'], Then ['Latitude 148', 'Longitude 6']","('Magnitude Type ML', 'Region Name ISLAND OF HAWAII, HAWAII')","('Latitude 148', 'Longitude 6')",22795,28010,22309,0.8876,0.18300814149354294
"If ['Region Name ISLAND OF HAWAII, HAWAII'], Then ['Longitude 6', 'Magnitude Type ML']","('Region Name ISLAND OF HAWAII, HAWAII',)","('Longitude 6', 'Magnitude Type ML')",27976,23802,22795,0.8862,0.14401545733705964
"If ['Latitude 176', 'Longitude 52', 'Magnitude Type ML'], Then ['Region Name IONIAN SEA']","('Latitude 176', 'Longitude 52', 'Magnitude Type ML')","('Region Name IONIAN SEA',)",3417,4496,3417,0.88,0.23999110320284697
"If ['Longitude 6', 'Region Name ISLAND OF HAWAII, HAWAII'], Then ['Latitude 148']","('Longitude 6', 'Region Name ISLAND OF HAWAII, HAWAII')","('Latitude 148',)",27976,34573,27191,0.8792,0.18657729509587645
"If ['Latitude 148'], Then ['Longitude 6', 'Region Name ISLAND OF HAWAII, HAWAII']","('Latitude 148',)","('Longitude 6', 'Region Name ISLAND OF HAWAII, HAWAII')",34573,27976,27191,0.8792,0.18657729509587645
"If ['Longitude 6', 'Magnitude Type ML'], Then ['Latitude 148', 'Region Name ISLAND OF HAWAII, HAWAII']","('Longitude 6', 'Magnitude Type ML')","('Latitude 148', 'Region Name ISLAND OF HAWAII, HAWAII')",23802,27191,22309,0.8789,0.11814949100543858
"If ['Latitude 148', 'Longitude 6', 'Magnitude Type ML'], Then ['Region Name ISLAND OF HAWAII, HAWAII', 'Year 41']","('Latitude 148', 'Longitude 6', 'Magnitude Type ML')","('Region Name ISLAND OF HAWAII, HAWAII', 'Year 41')",22697,24930,20866,0.8782,0.0834423227831546
"If ['Magnitude Type ML', 'Region Name IONIAN SEA'], Then ['Latitude 176', 'Longitude 52']","('Magnitude Type ML', 'Region Name IONIAN SEA')","('Latitude 176', 'Longitude 52')",4357,3523,3417,0.8771,0.18686981850773024
"If ['Latitude 176', 'Longitude 52'], Then ['Magnitude Type ML', 'Region Name IONIAN SEA']","('Latitude 176', 'Longitude 52')","('Magnitude Type ML', 'Region Name IONIAN SEA')",3523,4357,3417,0.8771,0.18686981850773024
"If ['Magnitude Type ML', 'Region Name ISLAND OF HAWAII, HAWAII'], Then ['Longitude 6']","('Magnitude Type ML', 'Region Name ISLAND OF HAWAII, HAWAII')","('Longitude 6',)",22795,30265,22795,0.8766,0.2468197587972906
"If ['Longitude 6', 'Region Name ISLAND OF HAWAII, HAWAII'], Then ['Latitude 148', 'Magnitude Type ML']","('Longitude 6', 'Region Name ISLAND OF HAWAII, HAWAII')","('Latitude 148', 'Magnitude Type ML')",27976,23432,22309,0.8748,0.15615656895425958
"If ['Latitude 148', 'Magnitude Type ML', 'Region Name ISLAND OF HAWAII, HAWAII'], Then ['Longitude 6', 'Year 41']","('Latitude 148', 'Magnitude Type ML', 'Region Name ISLAND OF HAWAII, HAWAII')","('Longitude 6', 'Year 41')",22309,25897,20866,0.8705,0.13123628383321143
"If ['Longitude 6'], Then ['Latitude 148', 'Magnitude Type ML', 'Region Name ISLAND OF HAWAII, HAWAII']","('Longitude 6',)","('Latitude 148', 'Magnitude Type ML', 'Region Name ISLAND OF HAWAII, HAWAII')",30265,22309,22309,0.8686,0.262877911779283
"If ['Latitude 148', 'Magnitude Type ML', 'Region Name ISLAND OF HAWAII, HAWAII'], Then ['Longitude 6']","('Latitude 148', 'Magnitude Type ML', 'Region Name ISLAND OF HAWAII, HAWAII')","('Longitude 6',)",22309,30265,22309,0.8686,0.262877911779283
"If ['Longitude 6'], Then ['Latitude 148']","('Longitude 6',)","('Latitude 148',)",30265,34573,28010,0.8678,0.1169762137504073
"If ['Magnitude Type ML', 'Region Name ISLAND OF HAWAII, HAWAII', 'Year 41'], Then ['Latitude 148', 'Longitude 6']","('Magnitude Type ML', 'Region Name ISLAND OF HAWAII, HAWAII', 'Year 41')","('Latitude 148', 'Longitude 6')",21115,28010,20866,0.8666,0.2439930641565519
"If ['Latitude 148', 'Longitude 6', 'Magnitude Type ML', 'Year 41'], Then ['Region Name ISLAND OF HAWAII, HAWAII']","('Latitude 148', 'Longitude 6', 'Magnitude Type ML', 'Year 41')","('Region Name ISLAND OF HAWAII, HAWAII',)",21162,27976,20866,0.8659,0.24101584606677987
"If ['Longitude 6', 'Magnitude Type ML', 'Year 41'], Then ['Latitude 148', 'Region Name ISLAND OF HAWAII, HAWAII']","('Longitude 6', 'Magnitude Type ML', 'Year 41')","('Latitude 148', 'Region Name ISLAND OF HAWAII, HAWAII')",21652,27191,20866,0.8655,0.1979840583336312
"If ['Longitude 6', 'Region Name ISLAND OF HAWAII, HAWAII', 'Year 41'], Then ['Latitude 148', 'Magnitude Type ML']","('Longitude 6', 'Region Name ISLAND OF HAWAII, HAWAII', 'Year 41')","('Latitude 148', 'Magnitude Type ML')",24930,23432,20866,0.8637,0.054480651731160894
"If ['Latitude 148', 'Magnitude Type ML'], Then ['Longitude 6', 'Region Name ISLAND OF HAWAII, HAWAII', 'Year 41']","('Latitude 148', 'Magnitude Type ML')","('Longitude 6', 'Region Name ISLAND OF HAWAII, HAWAII', 'Year 41')",23432,24930,20866,0.8637,0.054480651731160894
"If ['Longitude 6', 'Year 41'], Then ['Latitude 148', 'Magnitude Type ML']","('Longitude 6', 'Year 41')","('Latitude 148', 'Magnitude Type ML')",25897,23432,21162,0.8601,0.0875137572336422
"If ['Latitude 148', 'Magnitude Type ML'], Then ['Longitude 6']","('Latitude 148', 'Magnitude Type ML')","('Longitude 6',)",23432,30265,22697,0.8593,0.22041935483870967
"If ['Longitude 6'], Then ['Latitude 148', 'Magnitude Type ML']","('Longitude 6',)","('Latitude 148', 'Magnitude Type ML')",30265,23432,22697,0.8593,0.22041935483870967
"If ['Latitude 148', 'Year 41'], Then ['Longitude 6', 'Magnitude Type ML']","('Latitude 148', 'Year 41')","('Longitude 6', 'Magnitude Type ML')",26000,23802,21162,0.8515,0.07674581005586592
"If ['Longitude 6', 'Magnitude Type ML'], Then ['Latitude 148', 'Year 41']","('Longitude 6', 'Magnitude Type ML')","('Latitude 148', 'Year 41')",23802,26000,21162,0.8515,0.07674581005586592
"If ['Longitude 6', 'Year 41'], Then ['Latitude 148']","('Longitude 6', 'Year 41')","('Latitude 148',)",25897,34573,25152,0.8494,0.24565377427940427
"If ['Latitude 148'], Then ['Region Name ISLAND OF HAWAII, HAWAII', 'Year 41']","('Latitude 148',)","('Region Name ISLAND OF HAWAII, HAWAII', 'Year 41')",34573,24930,24576,0.8483,0.2760901308443325
"If ['Longitude 6', 'Region Name ISLAND OF HAWAII, HAWAII', 'Year 41'], Then ['Latitude 148']","('Longitude 6', 'Region Name ISLAND OF HAWAII, HAWAII', 'Year 41')","('Latitude 148',)",24930,34573,24576,0.8483,0.2760901308443325
"If ['Latitude 148', 'Magnitude Type ML', 'Year 41'], Then ['Longitude 6']","('Latitude 148', 'Magnitude Type ML', 'Year 41')","('Longitude 6',)",21480,30265,21162,0.8422,0.2872510872053101
"If ['Region Name CENTRAL ITALY'], Then ['Latitude 184', 'Longitude 50', 'Magnitude Type ML']","('Region Name CENTRAL ITALY',)","('Latitude 184', 'Longitude 50', 'Magnitude Type ML')",6920,4368,4368,0.8156,0.36878612716763004
"If ['Latitude 184', 'Longitude 50', 'Magnitude Type ML'], Then ['Region Name CENTRAL ITALY']","('Latitude 184', 'Longitude 50', 'Magnitude Type ML')","('Region Name CENTRAL ITALY',)",4368,6920,4368,0.8156,0.36878612716763004
"If ['Latitude 184', 'Longitude 50'], Then ['Magnitude Type ML', 'Region Name CENTRAL ITALY']","('Latitude 184', 'Longitude 50')","('Magnitude Type ML', 'Region Name CENTRAL ITALY')",4415,6854,4368,0.8133,0.3534270395594841
"If ['Longitude 6', 'Magnitude Type ML', 'Region Name ISLAND OF HAWAII, HAWAII'], Then ['Latitude 148']","('Longitude 6', 'Magnitude Type ML', 'Region Name ISLAND OF HAWAII, HAWAII')","('Latitude 148',)",22795,34573,22309,0.812,0.3359479734162412
"If ['Longitude 6', 'Magnitude Type ML'], Then ['Latitude 148']","('Longitude 6', 'Magnitude Type ML')","('Latitude 148',)",23802,34573,22697,0.805,0.3018947250406413
"If ['Longitude 6', 'Magnitude Type ML', 'Region Name ISLAND OF HAWAII, HAWAII', 'Year 41'], Then ['Latitude 148']","('Longitude 6', 'Magnitude Type ML', 'Region Name ISLAND OF HAWAII, HAWAII', 'Year 41')","('Latitude 148',)",21115,34573,20866,0.7959,0.3864798116133479
"If ['Longitude 6', 'Magnitude Type ML', 'Year 41'], Then ['Latitude 148']","('Longitude 6', 'Magnitude Type ML', 'Year 41')","('Latitude 148',)",21652,34573,21162,0.7947,0.36850811396628924
"If ['Longitude 58', 'Magnitude Type ML'], Then ['Region Name EASTERN TURKEY']","('Longitude 58', 'Magnitude Type ML')","('Region Name EASTERN TURKEY',)",6378,9183,5648,0.7503,0.2829617673761727
"If ['Region Name CENTRAL ITALY'], Then ['Longitude 50', 'Magnitude Type ML']","('Region Name CENTRAL ITALY',)","('Longitude 50', 'Magnitude Type ML')",6920,8107,5601,0.7501,0.12592828347124974
"If ['Region Name OKLAHOMA'], Then ['Longitude 21']","('Region Name OKLAHOMA',)","('Longitude 21',)",5863,11453,5815,0.7498,0.4860446917659334
"If ['Magnitude Type ML', 'Region Name CENTRAL ITALY'], Then ['Longitude 50']","('Magnitude Type ML', 'Region Name CENTRAL ITALY')","('Longitude 50',)",6854,8274,5601,0.7471,0.1490500682271439
"If ['Longitude 58'], Then ['Magnitude Type ML', 'Region Name EASTERN TURKEY']","('Longitude 58',)","('Magnitude Type ML', 'Region Name EASTERN TURKEY')",6627,9088,5648,0.7369,0.24446210390384424
"If ['Latitude 148', 'Longitude 6', 'Year 41'], Then ['Month 33', 'Region Name ISLAND OF HAWAII, HAWAII']","('Latitude 148', 'Longitude 6', 'Year 41')","('Month 33', 'Region Name ISLAND OF HAWAII, HAWAII')",25152,11349,11024,0.7048,0.5417827844722691
"If ['Month 33', 'Region Name ISLAND OF HAWAII, HAWAII'], Then ['Latitude 148', 'Longitude 6', 'Year 41']","('Month 33', 'Region Name ISLAND OF HAWAII, HAWAII')","('Latitude 148', 'Longitude 6', 'Year 41')",11349,25152,11024,0.7048,0.5417827844722691
"If ['Latitude 148', 'Month 33', 'Region Name ISLAND OF HAWAII, HAWAII'], Then ['Longitude 6', 'Year 41']","('Latitude 148', 'Month 33', 'Region Name ISLAND OF HAWAII, HAWAII')","('Longitude 6', 'Year 41')",11224,25897,11024,0.7039,0.562248534314289
"If ['Latitude 184', 'Magnitude Type ML'], Then ['Longitude 50', 'Region Name CENTRAL ITALY']","('Latitude 184', 'Magnitude Type ML')","('Longitude 50', 'Region Name CENTRAL ITALY')",6879,5656,4368,0.7036,0.14974898983714952
"If ['Latitude 148', 'Region Name ISLAND OF HAWAII, HAWAII', 'Year 41'], Then ['Longitude 6', 'Month 33']","('Latitude 148', 'Region Name ISLAND OF HAWAII, HAWAII', 'Year 41')","('Longitude 6', 'Month 33')",24576,11506,11024,0.7033,0.5215899114055391
"If ['Longitude 6', 'Month 33'], Then ['Latitude 148', 'Region Name ISLAND OF HAWAII, HAWAII', 'Year 41']","('Longitude 6', 'Month 33')","('Latitude 148', 'Region Name ISLAND OF HAWAII, HAWAII', 'Year 41')",11506,24576,11024,0.7033,0.5215899114055391
"If ['Month 33', 'Region Name ISLAND OF HAWAII, HAWAII'], Then ['Longitude 6', 'Year 41']","('Month 33', 'Region Name ISLAND OF HAWAII, HAWAII')","('Longitude 6', 'Year 41')",11349,25897,11091,0.7028,0.5562225195947238
"If ['Latitude 148', 'Longitude 6', 'Month 33'], Then ['Region Name ISLAND OF HAWAII, HAWAII']","('Latitude 148', 'Longitude 6', 'Month 33')","('Region Name ISLAND OF HAWAII, HAWAII',)",11264,27976,11224,0.6988,0.596516276413478
"If ['Latitude 148', 'Region Name ISLAND OF HAWAII, HAWAII'], Then ['Longitude 6', 'Month 33', 'Year 41']","('Latitude 148', 'Region Name ISLAND OF HAWAII, HAWAII')","('Longitude 6', 'Month 33', 'Year 41')",27191,11126,11024,0.6981,0.5886124647345473
"If ['Longitude 6', 'Month 33', 'Year 41'], Then ['Latitude 148', 'Region Name ISLAND OF HAWAII, HAWAII']","('Longitude 6', 'Month 33', 'Year 41')","('Latitude 148', 'Region Name ISLAND OF HAWAII, HAWAII')",11126,27191,11024,0.6981,0.5886124647345473
"If ['Region Name ISLAND OF HAWAII, HAWAII'], Then ['Latitude 148', 'Longitude 6', 'Month 33', 'Year 41']","('Region Name ISLAND OF HAWAII, HAWAII',)","('Latitude 148', 'Longitude 6', 'Month 33', 'Year 41')",27976,11040,11024,0.6963,0.6050300085738782
"If ['Month 33', 'Region Name ISLAND OF HAWAII, HAWAII'], Then ['Latitude 148', 'Longitude 6']","('Month 33', 'Region Name ISLAND OF HAWAII, HAWAII')","('Latitude 148', 'Longitude 6')",11349,28010,11224,0.6948,0.5921805580238138
"If ['Longitude 6', 'Month 33'], Then ['Latitude 148', 'Region Name ISLAND OF HAWAII, HAWAII']","('Longitude 6', 'Month 33')","('Latitude 148', 'Region Name ISLAND OF HAWAII, HAWAII')",11506,27191,11224,0.6941,0.5709241801041022
"If ['Month 33', 'Region Name ISLAND OF HAWAII, HAWAII', 'Year 41'], Then ['Latitude 148', 'Longitude 6']","('Month 33', 'Region Name ISLAND OF HAWAII, HAWAII', 'Year 41')","('Latitude 148', 'Longitude 6')",11091,28010,11024,0.6938,0.6025928696085764
"If ['Latitude 148', 'Month 33', 'Year 41'], Then ['Longitude 6', 'Region Name ISLAND OF HAWAII, HAWAII']","('Latitude 148', 'Month 33', 'Year 41')","('Longitude 6', 'Region Name ISLAND OF HAWAII, HAWAII')",11149,27976,11024,0.6914,0.5988043130137718
"If ['Depth 6', 'Region Name ISLAND OF HAWAII, HAWAII'], Then ['Latitude 148', 'Longitude 6', 'Year 41']","('Depth 6', 'Region Name ISLAND OF HAWAII, HAWAII')","('Latitude 148', 'Longitude 6', 'Year 41')",10188,25152,9954,0.6864,0.5894587567950839
"If ['Depth 6', 'Latitude 148', 'Longitude 6'], Then ['Region Name ISLAND OF HAWAII, HAWAII', 'Year 41']","('Depth 6', 'Latitude 148', 'Longitude 6')","('Region Name ISLAND OF HAWAII, HAWAII', 'Year 41')",10235,24930,9954,0.6859,0.5828804886755781
"If ['Depth 6', 'Latitude 148'], Then ['Longitude 6', 'Region Name ISLAND OF HAWAII, HAWAII', 'Year 41']","('Depth 6', 'Latitude 148')","('Longitude 6', 'Region Name ISLAND OF HAWAII, HAWAII', 'Year 41')",10237,24930,9954,0.6858,0.5827549280133265
"If ['Depth 6', 'Longitude 6'], Then ['Latitude 148', 'Region Name ISLAND OF HAWAII, HAWAII', 'Year 41']","('Depth 6', 'Longitude 6')","('Latitude 148', 'Region Name ISLAND OF HAWAII, HAWAII', 'Year 41')",10310,24576,9954,0.6852,0.5721963741376545
"If ['Latitude 148', 'Region Name ISLAND OF HAWAII, HAWAII', 'Year 41'], Then ['Depth 6', 'Longitude 6']","('Latitude 148', 'Region Name ISLAND OF HAWAII, HAWAII', 'Year 41')","('Depth 6', 'Longitude 6')",24576,10310,9954,0.6852,0.5721963741376545
"If ['Region Name ISLAND OF HAWAII, HAWAII', 'Year 41'], Then ['Latitude 148', 'Longitude 6', 'Magnitude Type ML', 'Month 33']","('Region Name ISLAND OF HAWAII, HAWAII', 'Year 41')","('Latitude 148', 'Longitude 6', 'Magnitude Type ML', 'Month 33')",24930,9710,9571,0.6848,0.6071243368303483
"If ['Latitude 148', 'Longitude 6', 'Magnitude Type ML', 'Month 33'], Then ['Region Name ISLAND OF HAWAII, HAWAII', 'Year 41']","('Latitude 148', 'Longitude 6', 'Magnitude Type ML', 'Month 33')","('Region Name ISLAND OF HAWAII, HAWAII', 'Year 41')",9710,24930,9571,0.6848,0.6071243368303483
"If ['Month 33', 'Region Name ISLAND OF HAWAII, HAWAII', 'Year 41'], Then ['Longitude 6']","('Month 33', 'Region Name ISLAND OF HAWAII, HAWAII', 'Year 41')","('Longitude 6',)",11091,30265,11091,0.6832,0.6335370890467537
"If ['Region Name ISLAND OF HAWAII, HAWAII', 'Year 41'], Then ['Depth 6', 'Longitude 6']","('Region Name ISLAND OF HAWAII, HAWAII', 'Year 41')","('Depth 6', 'Longitude 6')",24930,10310,9963,0.683,0.5783914230327966
"If ['Latitude 184'], Then ['Longitude 50', 'Region Name CENTRAL ITALY']","('Latitude 184',)","('Longitude 50', 'Region Name CENTRAL ITALY')",7552,5656,4414,0.6824,0.2156015465089834
"If ['Longitude 6', 'Year 41'], Then ['Depth 6', 'Latitude 148']","('Longitude 6', 'Year 41')","('Depth 6', 'Latitude 148')",25897,10237,10011,0.6822,0.5994717298931975
"If ['Depth 6', 'Latitude 148'], Then ['Longitude 6', 'Year 41']","('Depth 6', 'Latitude 148')","('Longitude 6', 'Year 41')",10237,25897,10011,0.6822,0.5994717298931975
"If ['Latitude 148', 'Month 33', 'Region Name ISLAND OF HAWAII, HAWAII', 'Year 41'], Then ['Longitude 6']","('Latitude 148', 'Month 33', 'Region Name ISLAND OF HAWAII, HAWAII', 'Year 41')","('Longitude 6',)",11024,30265,11024,0.6821,0.6357508673385098
"If ['Longitude 6', 'Year 41'], Then ['Depth 6', 'Latitude 148', 'Region Name ISLAND OF HAWAII, HAWAII']","('Longitude 6', 'Year 41')","('Depth 6', 'Latitude 148', 'Region Name ISLAND OF HAWAII, HAWAII')",25897,10166,9954,0.6818,0.6025125435673523
"If ['Longitude 6', 'Magnitude Type ML', 'Month 33'], Then ['Latitude 148', 'Region Name ISLAND OF HAWAII, HAWAII', 'Year 41']","('Longitude 6', 'Magnitude Type ML', 'Month 33')","('Latitude 148', 'Region Name ISLAND OF HAWAII, HAWAII', 'Year 41')",9832,24576,9571,0.6814,0.5936304706687603
"If ['Latitude 148', 'Region Name ISLAND OF HAWAII, HAWAII', 'Year 41'], Then ['Longitude 6', 'Magnitude Type ML', 'Month 33']","('Latitude 148', 'Region Name ISLAND OF HAWAII, HAWAII', 'Year 41')","('Longitude 6', 'Magnitude Type ML', 'Month 33')",24576,9832,9571,0.6814,0.5936304706687603
"If ['Depth 6', 'Region Name ISLAND OF HAWAII, HAWAII'], Then ['Longitude 6', 'Year 41']","('Depth 6', 'Region Name ISLAND OF HAWAII, HAWAII')","('Longitude 6', 'Year 41')",10188,25897,9963,0.6813,0.6013704923053365
"If ['Latitude 148', 'Magnitude Type ML', 'Month 33'], Then ['Longitude 6', 'Region Name ISLAND OF HAWAII, HAWAII', 'Year 41']","('Latitude 148', 'Magnitude Type ML', 'Month 33')","('Longitude 6', 'Region Name ISLAND OF HAWAII, HAWAII', 'Year 41')",9793,24930,9571,0.6806,0.6018209287531806
"If ['Depth 6', 'Region Name ISLAND OF HAWAII, HAWAII'], Then ['Latitude 148', 'Longitude 6']","('Depth 6', 'Region Name ISLAND OF HAWAII, HAWAII')","('Latitude 148', 'Longitude 6')",10188,28010,10166,0.6804,0.635773401826484
"If ['Depth 6', 'Longitude 6'], Then ['Latitude 148', 'Region Name ISLAND OF HAWAII, HAWAII']","('Depth 6', 'Longitude 6')","('Latitude 148', 'Region Name ISLAND OF HAWAII, HAWAII')",10310,27191,10166,0.68,0.6175599048838486
"If ['Latitude 148', 'Longitude 6', 'Year 41'], Then ['Magnitude Type ML', 'Month 33', 'Region Name ISLAND OF HAWAII, HAWAII']","('Latitude 148', 'Longitude 6', 'Year 41')","('Magnitude Type ML', 'Month 33', 'Region Name ISLAND OF HAWAII, HAWAII')",25152,9772,9571,0.68,0.6066343233542382
"If ['Magnitude Type ML', 'Month 33', 'Region Name ISLAND OF HAWAII, HAWAII'], Then ['Latitude 148', 'Longitude 6', 'Year 41']","('Magnitude Type ML', 'Month 33', 'Region Name ISLAND OF HAWAII, HAWAII')","('Latitude 148', 'Longitude 6', 'Year 41')",9772,25152,9571,0.68,0.6066343233542382
"If ['Depth 6', 'Longitude 6', 'Region Name ISLAND OF HAWAII, HAWAII'], Then ['Latitude 148', 'Year 41']","('Depth 6', 'Longitude 6', 'Region Name ISLAND OF HAWAII, HAWAII')","('Latitude 148', 'Year 41')",10188,26000,9954,0.6799,0.602729282610353
"If ['Latitude 184'], Then ['Longitude 50', 'Magnitude Type ML', 'Region Name CENTRAL ITALY']","('Latitude 184',)","('Longitude 50', 'Magnitude Type ML', 'Region Name CENTRAL ITALY')",7552,5601,4368,0.6791,0.22208309618668184
"If ['Latitude 148', 'Magnitude Type ML', 'Month 33', 'Region Name ISLAND OF HAWAII, HAWAII'], Then ['Longitude 6', 'Year 41']","('Latitude 148', 'Magnitude Type ML', 'Month 33', 'Region Name ISLAND OF HAWAII, HAWAII')","('Longitude 6', 'Year 41')",9687,25897,9571,0.6788,0.6231499634797986
"If ['Region Name ISLAND OF HAWAII, HAWAII'], Then ['Depth 6', 'Latitude 148', 'Longitude 6']","('Region Name ISLAND OF HAWAII, HAWAII',)","('Depth 6', 'Latitude 148', 'Longitude 6')",27976,10235,10166,0.6783,0.632590479586379
"If ['Depth 6', 'Latitude 148', 'Longitude 6'], Then ['Region Name ISLAND OF HAWAII, HAWAII']","('Depth 6', 'Latitude 148', 'Longitude 6')","('Region Name ISLAND OF HAWAII, HAWAII',)",10235,27976,10166,0.6783,0.632590479586379
"If ['Longitude 6', 'Region Name ISLAND OF HAWAII, HAWAII'], Then ['Depth 6', 'Latitude 148']","('Longitude 6', 'Region Name ISLAND OF HAWAII, HAWAII')","('Depth 6', 'Latitude 148')",27976,10237,10166,0.6782,0.6324740613969408
"If ['Depth 6', 'Longitude 6', 'Year 41'], Then ['Latitude 148', 'Region Name ISLAND OF HAWAII, HAWAII']","('Depth 6', 'Longitude 6', 'Year 41')","('Latitude 148', 'Region Name ISLAND OF HAWAII, HAWAII')",10053,27191,9954,0.6781,0.6279956027849029
"If ['Latitude 184', 'Region Name CENTRAL ITALY'], Then ['Longitude 50']","('Latitude 184', 'Region Name CENTRAL ITALY')","('Longitude 50',)",5367,8274,4414,0.678,0.3150536469058199
"If ['Latitude 148', 'Year 41'], Then ['Depth 6', 'Longitude 6']","('Latitude 148', 'Year 41')","('Depth 6', 'Longitude 6')",26000,10310,10011,0.678,0.5966006312027073
"If ['Latitude 148', 'Month 33', 'Year 41'], Then ['Longitude 6']","('Latitude 148', 'Month 33', 'Year 41')","('Longitude 6',)",11149,30265,11040,0.6775,0.6293540528083229
"If ['Depth 6', 'Region Name ISLAND OF HAWAII, HAWAII', 'Year 41'], Then ['Latitude 148', 'Longitude 6']","('Depth 6', 'Region Name ISLAND OF HAWAII, HAWAII', 'Year 41')","('Latitude 148', 'Longitude 6')",9963,28010,9954,0.6772,0.6440986473464435
"If ['Latitude 148', 'Month 33'], Then ['Longitude 6', 'Year 41']","('Latitude 148', 'Month 33')","('Longitude 6', 'Year 41')",11911,25897,11040,0.6766,0.522489539748954
"If ['Latitude 184', 'Region Name CENTRAL ITALY'], Then ['Longitude 50', 'Magnitude Type ML']","('Latitude 184', 'Region Name CENTRAL ITALY')","('Longitude 50', 'Magnitude Type ML')",5367,8107,4368,0.6763,0.300900505161432
"If ['Longitude 50', 'Magnitude Type ML'], Then ['Latitude 184', 'Region Name CENTRAL ITALY']","('Longitude 50', 'Magnitude Type ML')","('Latitude 184', 'Region Name CENTRAL ITALY')",8107,5367,4368,0.6763,0.300900505161432
"If ['Depth 5', 'Region Name ISLAND OF HAWAII, HAWAII'], Then ['Latitude 148', 'Longitude 6', 'Year 41']","('Depth 5', 'Region Name ISLAND OF HAWAII, HAWAII')","('Latitude 148', 'Longitude 6', 'Year 41')",9388,25152,9246,0.6762,0.6232308057246778
"If ['Longitude 50'], Then ['Latitude 184', 'Magnitude Type ML', 'Region Name CENTRAL ITALY']","('Longitude 50',)","('Latitude 184', 'Magnitude Type ML', 'Region Name CENTRAL ITALY')",8274,5311,4368,0.6752,0.3214711945318433
"If ['Latitude 184', 'Magnitude Type ML', 'Region Name CENTRAL ITALY'], Then ['Longitude 50']","('Latitude 184', 'Magnitude Type ML', 'Region Name CENTRAL ITALY')","('Longitude 50',)",5311,8274,4368,0.6752,0.3214711945318433
"If ['Depth 6', 'Latitude 148', 'Longitude 6', 'Year 41'], Then ['Region Name ISLAND OF HAWAII, HAWAII']","('Depth 6', 'Latitude 148', 'Longitude 6', 'Year 41')","('Region Name ISLAND OF HAWAII, HAWAII',)",10011,27976,9954,0.6751,0.640851853173046
"If ['Depth 6', 'Latitude 148', 'Year 41'], Then ['Longitude 6', 'Region Name ISLAND OF HAWAII, HAWAII']","('Depth 6', 'Latitude 148', 'Year 41')","('Longitude 6', 'Region Name ISLAND OF HAWAII, HAWAII')",10012,27976,9954,0.675,0.6407933223942356
"If ['Region Name ISLAND OF HAWAII, HAWAII', 'Year 41'], Then ['Depth 5', 'Latitude 148', 'Longitude 6']","('Region Name ISLAND OF HAWAII, HAWAII', 'Year 41')","('Depth 5', 'Latitude 148', 'Longitude 6')",24930,9456,9246,0.6743,0.6155131264916468
"If ['Depth 5', 'Latitude 148'], Then ['Longitude 6', 'Region Name ISLAND OF HAWAII, HAWAII', 'Year 41']","('Depth 5', 'Latitude 148')","('Longitude 6', 'Region Name ISLAND OF HAWAII, HAWAII', 'Year 41')",9456,24930,9246,0.6743,0.6155131264916468
"If ['Depth 5', 'Latitude 148', 'Longitude 6'], Then ['Region Name ISLAND OF HAWAII, HAWAII', 'Year 41']","('Depth 5', 'Latitude 148', 'Longitude 6')","('Region Name ISLAND OF HAWAII, HAWAII', 'Year 41')",9456,24930,9246,0.6743,0.6155131264916468
"If ['Longitude 6', 'Year 41'], Then ['Latitude 148', 'Magnitude Type ML', 'Month 33']","('Longitude 6', 'Year 41')","('Latitude 148', 'Magnitude Type ML', 'Month 33')",25897,9793,9577,0.6739,0.6167043235170222
"If ['Latitude 148', 'Magnitude Type ML', 'Month 33'], Then ['Longitude 6', 'Year 41']","('Latitude 148', 'Magnitude Type ML', 'Month 33')","('Longitude 6', 'Year 41')",9793,25897,9577,0.6739,0.6167043235170222
"If ['Latitude 148', 'Year 41'], Then ['Longitude 6', 'Magnitude Type ML', 'Month 33', 'Region Name ISLAND OF HAWAII, HAWAII']","('Latitude 148', 'Year 41')","('Longitude 6', 'Magnitude Type ML', 'Month 33', 'Region Name ISLAND OF HAWAII, HAWAII')",26000,9772,9571,0.6738,0.6193656730659135
"If ['Longitude 6', 'Magnitude Type ML', 'Month 33', 'Region Name ISLAND OF HAWAII, HAWAII'], Then ['Latitude 148', 'Year 41']","('Longitude 6', 'Magnitude Type ML', 'Month 33', 'Region Name ISLAND OF HAWAII, HAWAII')","('Latitude 148', 'Year 41')",9772,26000,9571,0.6738,0.6193656730659135
"If ['Depth 5', 'Latitude 148'], Then ['Longitude 6', 'Year 41']","('Depth 5', 'Latitude 148')","('Longitude 6', 'Year 41')",9456,25897,9329,0.6734,0.6317629880110667
"If ['Longitude 6', 'Magnitude Type ML', 'Month 33', 'Year 41'], Then ['Latitude 148', 'Region Name ISLAND OF HAWAII, HAWAII']","('Longitude 6', 'Magnitude Type ML', 'Month 33', 'Year 41')","('Latitude 148', 'Region Name ISLAND OF HAWAII, HAWAII')",9638,27191,9571,0.6725,0.6439577371780761
"If ['Depth 5', 'Latitude 148', 'Region Name ISLAND OF HAWAII, HAWAII'], Then ['Longitude 6', 'Year 41']","('Depth 5', 'Latitude 148', 'Region Name ISLAND OF HAWAII, HAWAII')","('Longitude 6', 'Year 41')",9366,25897,9246,0.6721,0.6353922435330746
"If ['Latitude 148', 'Region Name ISLAND OF HAWAII, HAWAII', 'Year 41'], Then ['Depth 5', 'Longitude 6']","('Latitude 148', 'Region Name ISLAND OF HAWAII, HAWAII', 'Year 41')","('Depth 5', 'Longitude 6')",24576,9567,9246,0.6713,0.6028437161103748
"If ['Depth 5', 'Longitude 6'], Then ['Latitude 148', 'Region Name ISLAND OF HAWAII, HAWAII', 'Year 41']","('Depth 5', 'Longitude 6')","('Latitude 148', 'Region Name ISLAND OF HAWAII, HAWAII', 'Year 41')",9567,24576,9246,0.6713,0.6028437161103748
"If ['Longitude 6', 'Magnitude Type ML', 'Month 33'], Then ['Latitude 148', 'Year 41']","('Longitude 6', 'Magnitude Type ML', 'Month 33')","('Latitude 148', 'Year 41')",9832,26000,9577,0.6712,0.6158065130451342
"If ['Latitude 148', 'Region Name ISLAND OF HAWAII, HAWAII'], Then ['Longitude 6', 'Magnitude Type ML', 'Month 33']","('Latitude 148', 'Region Name ISLAND OF HAWAII, HAWAII')","('Longitude 6', 'Magnitude Type ML', 'Month 33')",27191,9832,9687,0.6708,0.6350234123500146
"If ['Region Name ISLAND OF HAWAII, HAWAII'], Then ['Latitude 148', 'Longitude 6', 'Magnitude Type ML', 'Month 33', 'Year 41']","('Region Name ISLAND OF HAWAII, HAWAII',)","('Latitude 148', 'Longitude 6', 'Magnitude Type ML', 'Month 33', 'Year 41')",27976,9577,9571,0.6707,0.6575298406118218
"If ['Latitude 148', 'Longitude 6', 'Magnitude Type ML', 'Month 33', 'Year 41'], Then ['Region Name ISLAND OF HAWAII, HAWAII']","('Latitude 148', 'Longitude 6', 'Magnitude Type ML', 'Month 33', 'Year 41')","('Region Name ISLAND OF HAWAII, HAWAII',)",9577,27976,9571,0.6707,0.6575298406118218
"If ['Depth 5', 'Longitude 6', 'Region Name ISLAND OF HAWAII, HAWAII'], Then ['Latitude 148', 'Year 41']","('Depth 5', 'Longitude 6', 'Region Name ISLAND OF HAWAII, HAWAII')","('Latitude 148', 'Year 41')",9388,26000,9246,0.6702,0.6354525284982021
"If ['Magnitude Type ML', 'Month 33', 'Region Name ISLAND OF HAWAII, HAWAII'], Then ['Latitude 148', 'Longitude 6']","('Magnitude Type ML', 'Month 33', 'Region Name ISLAND OF HAWAII, HAWAII')","('Latitude 148', 'Longitude 6')",9772,28010,9687,0.6686,0.6491546538529988
"If ['Latitude 148', 'Longitude 6'], Then ['Magnitude Type ML', 'Month 33', 'Region Name ISLAND OF HAWAII, HAWAII', 'Year 41']","('Latitude 148', 'Longitude 6')","('Magnitude Type ML', 'Month 33', 'Region Name ISLAND OF HAWAII, HAWAII', 'Year 41')",28010,9617,9571,0.6685,0.6555816937553465
"If ['Magnitude Type ML', 'Month 33', 'Region Name ISLAND OF HAWAII, HAWAII', 'Year 41'], Then ['Latitude 148', 'Longitude 6']","('Magnitude Type ML', 'Month 33', 'Region Name ISLAND OF HAWAII, HAWAII', 'Year 41')","('Latitude 148', 'Longitude 6')",9617,28010,9571,0.6685,0.6555816937553465
"If ['Depth 6', 'Region Name ISLAND OF HAWAII, HAWAII'], Then ['Longitude 6']","('Depth 6', 'Region Name ISLAND OF HAWAII, HAWAII')","('Longitude 6',)",10188,30265,10188,0.6683,0.6633735337849
"If ['Latitude 148', 'Magnitude Type ML', 'Month 33', 'Year 41'], Then ['Longitude 6', 'Region Name ISLAND OF HAWAII, HAWAII']","('Latitude 148', 'Magnitude Type ML', 'Month 33', 'Year 41')","('Longitude 6', 'Region Name ISLAND OF HAWAII, HAWAII')",9625,27976,9571,0.6683,0.6546914020692116
"If ['Depth 6', 'Latitude 148', 'Region Name ISLAND OF HAWAII, HAWAII'], Then ['Longitude 6']","('Depth 6', 'Latitude 148', 'Region Name ISLAND OF HAWAII, HAWAII')","('Longitude 6',)",10166,30265,10166,0.6679,0.664100446059805
"If ['Longitude 6'], Then ['Depth 6', 'Latitude 148', 'Region Name ISLAND OF HAWAII, HAWAII']","('Longitude 6',)","('Depth 6', 'Latitude 148', 'Region Name ISLAND OF HAWAII, HAWAII')",30265,10166,10166,0.6679,0.664100446059805
"If ['Depth 5', 'Region Name ISLAND OF HAWAII, HAWAII'], Then ['Latitude 148', 'Longitude 6']","('Depth 5', 'Region Name ISLAND OF HAWAII, HAWAII')","('Latitude 148', 'Longitude 6')",9388,28010,9366,0.666,0.6643122146118722
"If ['Depth 6', 'Latitude 148', 'Year 41'], Then ['Longitude 6']","('Depth 6', 'Latitude 148', 'Year 41')","('Longitude 6',)",10012,30265,10011,0.6653,0.6691667217339589
"If ['Depth 6', 'Longitude 6', 'Magnitude Type ML'], Then ['Latitude 148', 'Region Name ISLAND OF HAWAII, HAWAII', 'Year 41']","('Depth 6', 'Longitude 6', 'Magnitude Type ML')","('Latitude 148', 'Region Name ISLAND OF HAWAII, HAWAII', 'Year 41')",8815,24576,8627,0.6649,0.636448069778711
"If ['Depth 6', 'Region Name ISLAND OF HAWAII, HAWAII', 'Year 41'], Then ['Longitude 6']","('Depth 6', 'Region Name ISLAND OF HAWAII, HAWAII', 'Year 41')","('Longitude 6',)",9963,30265,9963,0.6646,0.6708078638691558
"If ['Depth 6', 'Latitude 148', 'Region Name ISLAND OF HAWAII, HAWAII', 'Year 41'], Then ['Longitude 6']","('Depth 6', 'Latitude 148', 'Region Name ISLAND OF HAWAII, HAWAII', 'Year 41')","('Longitude 6',)",9954,30265,9954,0.6644,0.671105237072526
"If ['Depth 5', 'Region Name ISLAND OF HAWAII, HAWAII', 'Year 41'], Then ['Latitude 148', 'Longitude 6']","('Depth 5', 'Region Name ISLAND OF HAWAII, HAWAII', 'Year 41')","('Latitude 148', 'Longitude 6')",9262,28010,9246,0.6642,0.6689502604724185
"If ['Depth 6', 'Latitude 148', 'Longitude 6', 'Magnitude Type ML'], Then ['Region Name ISLAND OF HAWAII, HAWAII', 'Year 41']","('Depth 6', 'Latitude 148', 'Longitude 6', 'Magnitude Type ML')","('Region Name ISLAND OF HAWAII, HAWAII', 'Year 41')",8789,24930,8627,0.6638,0.6432727562569743
"If ['Longitude 6', 'Region Name ISLAND OF HAWAII, HAWAII', 'Year 41'], Then ['Depth 6', 'Latitude 148', 'Magnitude Type ML']","('Longitude 6', 'Region Name ISLAND OF HAWAII, HAWAII', 'Year 41')","('Depth 6', 'Latitude 148', 'Magnitude Type ML')",24930,8789,8627,0.6638,0.6432727562569743
"If ['Depth 6', 'Latitude 148', 'Magnitude Type ML'], Then ['Longitude 6', 'Region Name ISLAND OF HAWAII, HAWAII', 'Year 41']","('Depth 6', 'Latitude 148', 'Magnitude Type ML')","('Longitude 6', 'Region Name ISLAND OF HAWAII, HAWAII', 'Year 41')",8789,24930,8627,0.6638,0.6432727562569743
"If ['Latitude 148', 'Longitude 6', 'Month 28'], Then ['Region Name ISLAND OF HAWAII, HAWAII', 'Year 41']","('Latitude 148', 'Longitude 6', 'Month 28')","('Region Name ISLAND OF HAWAII, HAWAII', 'Year 41')",9272,24930,8971,0.6637,0.6205857873251159
"If ['Depth 6', 'Magnitude Type ML', 'Region Name ISLAND OF HAWAII, HAWAII'], Then ['Latitude 148', 'Longitude 6', 'Year 41']","('Depth 6', 'Magnitude Type ML', 'Region Name ISLAND OF HAWAII, HAWAII')","('Latitude 148', 'Longitude 6', 'Year 41')",8774,25152,8627,0.6631,0.6473773666943358
"If ['Depth 6', 'Longitude 6', 'Magnitude Type ML'], Then ['Region Name ISLAND OF HAWAII, HAWAII', 'Year 41']","('Depth 6', 'Longitude 6', 'Magnitude Type ML')","('Region Name ISLAND OF HAWAII, HAWAII', 'Year 41')",8815,24930,8632,0.6627,0.6416995181778362
"If ['Latitude 148', 'Longitude 6', 'Year 41'], Then ['Month 28', 'Region Name ISLAND OF HAWAII, HAWAII']","('Latitude 148', 'Longitude 6', 'Year 41')","('Month 28', 'Region Name ISLAND OF HAWAII, HAWAII')",25152,9261,8971,0.6627,0.6245971228676991
"If ['Longitude 6', 'Region Name ISLAND OF HAWAII, HAWAII'], Then ['Depth 5', 'Latitude 148']","('Longitude 6', 'Region Name ISLAND OF HAWAII, HAWAII')","('Depth 5', 'Latitude 148')",27976,9456,9366,0.6626,0.6598731561319746
"If ['Depth 5', 'Latitude 148', 'Longitude 6'], Then ['Region Name ISLAND OF HAWAII, HAWAII']","('Depth 5', 'Latitude 148', 'Longitude 6')","('Region Name ISLAND OF HAWAII, HAWAII',)",9456,27976,9366,0.6626,0.6598731561319746
"If ['Depth 5', 'Longitude 6', 'Year 41'], Then ['Latitude 148', 'Region Name ISLAND OF HAWAII, HAWAII']","('Depth 5', 'Longitude 6', 'Year 41')","('Latitude 148', 'Region Name ISLAND OF HAWAII, HAWAII')",9395,27191,9246,0.6621,0.6509144111192392
"If ['Latitude 148', 'Region Name ISLAND OF HAWAII, HAWAII'], Then ['Depth 5', 'Longitude 6', 'Year 41']","('Latitude 148', 'Region Name ISLAND OF HAWAII, HAWAII')","('Depth 5', 'Longitude 6', 'Year 41')",27191,9395,9246,0.6621,0.6509144111192392
"If ['Longitude 6', 'Year 41'], Then ['Latitude 148', 'Month 28', 'Region Name ISLAND OF HAWAII, HAWAII']","('Longitude 6', 'Year 41')","('Latitude 148', 'Month 28', 'Region Name ISLAND OF HAWAII, HAWAII')",25897,9180,8971,0.6618,0.6403508771929824
"If ['Depth 5', 'Longitude 6'], Then ['Latitude 148', 'Region Name ISLAND OF HAWAII, HAWAII']","('Depth 5', 'Longitude 6')","('Latitude 148', 'Region Name ISLAND OF HAWAII, HAWAII')",9567,27191,9366,0.6617,0.6433995327102804
"If ['Region Name ISLAND OF HAWAII, HAWAII'], Then ['Depth 5', 'Latitude 148', 'Longitude 6', 'Year 41']","('Region Name ISLAND OF HAWAII, HAWAII',)","('Depth 5', 'Latitude 148', 'Longitude 6', 'Year 41')",27976,9329,9246,0.6608,0.664563954524395
"If ['Depth 5', 'Latitude 148', 'Longitude 6', 'Year 41'], Then ['Region Name ISLAND OF HAWAII, HAWAII']","('Depth 5', 'Latitude 148', 'Longitude 6', 'Year 41')","('Region Name ISLAND OF HAWAII, HAWAII',)",9329,27976,9246,0.6608,0.664563954524395
"If ['Depth 5', 'Latitude 148', 'Magnitude Type ML'], Then ['Longitude 6', 'Region Name ISLAND OF HAWAII, HAWAII', 'Year 41']","('Depth 5', 'Latitude 148', 'Magnitude Type ML')","('Longitude 6', 'Region Name ISLAND OF HAWAII, HAWAII', 'Year 41')",8290,24930,8216,0.6603,0.6654935210366342
"If ['Longitude 6', 'Region Name ISLAND OF HAWAII, HAWAII', 'Year 41'], Then ['Depth 5', 'Latitude 148', 'Magnitude Type ML']","('Longitude 6', 'Region Name ISLAND OF HAWAII, HAWAII', 'Year 41')","('Depth 5', 'Latitude 148', 'Magnitude Type ML')",24930,8290,8216,0.6603,0.6654935210366342
"If ['Depth 5', 'Latitude 148', 'Longitude 6', 'Magnitude Type ML'], Then ['Region Name ISLAND OF HAWAII, HAWAII', 'Year 41']","('Depth 5', 'Latitude 148', 'Longitude 6', 'Magnitude Type ML')","('Region Name ISLAND OF HAWAII, HAWAII', 'Year 41')",8290,24930,8216,0.6603,0.6654935210366342
"If ['Region Name ISLAND OF HAWAII, HAWAII', 'Year 41'], Then ['Depth 5', 'Latitude 148', 'Longitude 6', 'Magnitude Type ML']","('Region Name ISLAND OF HAWAII, HAWAII', 'Year 41')","('Depth 5', 'Latitude 148', 'Longitude 6', 'Magnitude Type ML')",24930,8290,8216,0.6603,0.6654935210366342
"If ['Region Name OKLAHOMA'], Then ['Longitude 21', 'Magnitude Type mb']","('Region Name OKLAHOMA',)","('Longitude 21', 'Magnitude Type mb')",5863,4092,3182,0.6602,0.26147940351395244
"If ['Latitude 148', 'Longitude 6', 'Year 41'], Then ['Depth 5', 'Magnitude Type ML', 'Region Name ISLAND OF HAWAII, HAWAII']","('Latitude 148', 'Longitude 6', 'Year 41')","('Depth 5', 'Magnitude Type ML', 'Region Name ISLAND OF HAWAII, HAWAII')",25152,8268,8216,0.6602,0.6698936676717981
"If ['Month 28', 'Region Name ISLAND OF HAWAII, HAWAII'], Then ['Latitude 148', 'Longitude 6']","('Month 28', 'Region Name ISLAND OF HAWAII, HAWAII')","('Latitude 148', 'Longitude 6')",9261,28010,9180,0.6595,0.6674379694564095
"If ['Depth 5', 'Longitude 6', 'Magnitude Type ML'], Then ['Latitude 148', 'Region Name ISLAND OF HAWAII, HAWAII', 'Year 41']","('Depth 5', 'Longitude 6', 'Magnitude Type ML')","('Latitude 148', 'Region Name ISLAND OF HAWAII, HAWAII', 'Year 41')",8350,24576,8216,0.6591,0.656657223796034
"If ['Latitude 148', 'Region Name ISLAND OF HAWAII, HAWAII', 'Year 41'], Then ['Depth 5', 'Longitude 6', 'Magnitude Type ML']","('Latitude 148', 'Region Name ISLAND OF HAWAII, HAWAII', 'Year 41')","('Depth 5', 'Longitude 6', 'Magnitude Type ML')",24576,8350,8216,0.6591,0.656657223796034
"If ['Region Name ISLAND OF HAWAII, HAWAII'], Then ['Latitude 148', 'Longitude 6', 'Month 28']","('Region Name ISLAND OF HAWAII, HAWAII',)","('Latitude 148', 'Longitude 6', 'Month 28')",27976,9272,9180,0.6591,0.6663816445774547
"If ['Depth 6', 'Latitude 148', 'Magnitude Type ML', 'Region Name ISLAND OF HAWAII, HAWAII'], Then ['Longitude 6', 'Year 41']","('Depth 6', 'Latitude 148', 'Magnitude Type ML', 'Region Name ISLAND OF HAWAII, HAWAII')","('Longitude 6', 'Year 41')",8760,25897,8627,0.659,0.6583557433730312
"If ['Longitude 6', 'Year 41'], Then ['Depth 6', 'Latitude 148', 'Magnitude Type ML']","('Longitude 6', 'Year 41')","('Depth 6', 'Latitude 148', 'Magnitude Type ML')",25897,8789,8647,0.6589,0.6570144782825761
"If ['Magnitude Type ML', 'Month 33', 'Region Name ISLAND OF HAWAII, HAWAII', 'Year 41'], Then ['Longitude 6']","('Magnitude Type ML', 'Month 33', 'Region Name ISLAND OF HAWAII, HAWAII', 'Year 41')","('Longitude 6',)",9617,30265,9617,0.6589,0.682240211465389
"If ['Latitude 148', 'Month 33'], Then ['Longitude 6']","('Latitude 148', 'Month 33')","('Longitude 6',)",11911,30265,11264,0.6589,0.59375
"If ['Depth 6', 'Magnitude Type ML', 'Region Name ISLAND OF HAWAII, HAWAII'], Then ['Longitude 6', 'Year 41']","('Depth 6', 'Magnitude Type ML', 'Region Name ISLAND OF HAWAII, HAWAII')","('Longitude 6', 'Year 41')",8774,25897,8632,0.6586,0.6575905372710166
"If ['Latitude 148', 'Longitude 6', 'Month 28', 'Year 41'], Then ['Region Name ISLAND OF HAWAII, HAWAII']","('Latitude 148', 'Longitude 6', 'Month 28', 'Year 41')","('Region Name ISLAND OF HAWAII, HAWAII',)",9007,27976,8971,0.6583,0.6771740682564615
"If ['Latitude 148', 'Magnitude Type ML', 'Month 33', 'Region Name ISLAND OF HAWAII, HAWAII', 'Year 41'], Then ['Longitude 6']","('Latitude 148', 'Magnitude Type ML', 'Month 33', 'Region Name ISLAND OF HAWAII, HAWAII', 'Year 41')","('Longitude 6',)",9571,30265,9571,0.6581,0.6837601189492813
"If ['Depth 6', 'Longitude 6', 'Magnitude Type ML'], Then ['Latitude 148', 'Region Name ISLAND OF HAWAII, HAWAII']","('Depth 6', 'Longitude 6', 'Magnitude Type ML')","('Latitude 148', 'Region Name ISLAND OF HAWAII, HAWAII')",8815,27191,8760,0.658,0.6744476253394994
"If ['Region Name ISLAND OF HAWAII, HAWAII', 'Year 41'], Then ['Depth 5', 'Longitude 6', 'Magnitude Type ML']","('Region Name ISLAND OF HAWAII, HAWAII', 'Year 41')","('Depth 5', 'Longitude 6', 'Magnitude Type ML')",24930,8350,8228,0.6577,0.6618234073127894
"If ['Latitude 148', 'Region Name ISLAND OF HAWAII, HAWAII', 'Year 41'], Then ['Longitude 6', 'Month 28']","('Latitude 148', 'Region Name ISLAND OF HAWAII, HAWAII', 'Year 41')","('Longitude 6', 'Month 28')",24576,9444,8971,0.6575,0.6040959718950857
"If ['Longitude 6', 'Month 28'], Then ['Latitude 148', 'Region Name ISLAND OF HAWAII, HAWAII', 'Year 41']","('Longitude 6', 'Month 28')","('Latitude 148', 'Region Name ISLAND OF HAWAII, HAWAII', 'Year 41')",9444,24576,8971,0.6575,0.6040959718950857
"If ['Depth 6', 'Longitude 6', 'Magnitude Type ML', 'Region Name ISLAND OF HAWAII, HAWAII'], Then ['Latitude 148', 'Year 41']","('Depth 6', 'Longitude 6', 'Magnitude Type ML', 'Region Name ISLAND OF HAWAII, HAWAII')","('Latitude 148', 'Year 41')",8774,26000,8627,0.6575,0.6588136306268405
"If ['Longitude 6', 'Month 28', 'Region Name ISLAND OF HAWAII, HAWAII'], Then ['Latitude 148', 'Year 41']","('Longitude 6', 'Month 28', 'Region Name ISLAND OF HAWAII, HAWAII')","('Latitude 148', 'Year 41')",9261,26000,8971,0.6569,0.6367059718524154
"If ['Latitude 148', 'Year 41'], Then ['Longitude 6', 'Month 28', 'Region Name ISLAND OF HAWAII, HAWAII']","('Latitude 148', 'Year 41')","('Longitude 6', 'Month 28', 'Region Name ISLAND OF HAWAII, HAWAII')",26000,9261,8971,0.6569,0.6367059718524154
"If ['Depth 6', 'Longitude 6', 'Magnitude Type ML'], Then ['Latitude 148', 'Year 41']","('Depth 6', 'Longitude 6', 'Magnitude Type ML')","('Latitude 148', 'Year 41')",8815,26000,8647,0.6568,0.6567181290125343
"If ['Longitude 6', 'Month 33', 'Region Name ISLAND OF HAWAII, HAWAII'], Then ['Latitude 148']","('Longitude 6', 'Month 33', 'Region Name ISLAND OF HAWAII, HAWAII')","('Latitude 148',)",11349,34573,11224,0.6568,0.6693181163179434
"If ['Depth 5', 'Latitude 148', 'Magnitude Type ML'], Then ['Longitude 6', 'Year 41']","('Depth 5', 'Latitude 148', 'Magnitude Type ML')","('Longitude 6', 'Year 41')",8290,25897,8249,0.6568,0.6788110108720796
"If ['Longitude 6', 'Year 41'], Then ['Depth 5', 'Latitude 148', 'Magnitude Type ML', 'Region Name ISLAND OF HAWAII, HAWAII']","('Longitude 6', 'Year 41')","('Depth 5', 'Latitude 148', 'Magnitude Type ML', 'Region Name ISLAND OF HAWAII, HAWAII')",25897,8252,8216,0.6564,0.6804072031774188
"If ['Depth 5', 'Latitude 148', 'Magnitude Type ML', 'Region Name ISLAND OF HAWAII, HAWAII'], Then ['Longitude 6', 'Year 41']","('Depth 5', 'Latitude 148', 'Magnitude Type ML', 'Region Name ISLAND OF HAWAII, HAWAII')","('Longitude 6', 'Year 41')",8252,25897,8216,0.6564,0.6804072031774188
"If ['Longitude 6', 'Month 33', 'Region Name ISLAND OF HAWAII, HAWAII', 'Year 41'], Then ['Latitude 148']","('Longitude 6', 'Month 33', 'Region Name ISLAND OF HAWAII, HAWAII', 'Year 41')","('Latitude 148',)",11091,34573,11024,0.6564,0.6778868360277136
"If ['Depth 5', 'Magnitude Type ML', 'Region Name ISLAND OF HAWAII, HAWAII'], Then ['Longitude 6', 'Year 41']","('Depth 5', 'Magnitude Type ML', 'Region Name ISLAND OF HAWAII, HAWAII')","('Longitude 6', 'Year 41')",8268,25897,8228,0.6564,0.6796853915256198
"If ['Longitude 6', 'Month 33', 'Year 41'], Then ['Latitude 148']","('Longitude 6', 'Month 33', 'Year 41')","('Latitude 148',)",11126,34573,11040,0.6558,0.6765053809977206
"If ['Latitude 148'], Then ['Longitude 6', 'Month 33', 'Year 41']","('Latitude 148',)","('Longitude 6', 'Month 33', 'Year 41')",34573,11126,11040,0.6558,0.6765053809977206
"If ['Latitude 148', 'Magnitude Type ML', 'Month 33', 'Year 41'], Then ['Longitude 6']","('Latitude 148', 'Magnitude Type ML', 'Month 33', 'Year 41')","('Longitude 6',)",9625,30265,9577,0.6557,0.6808959852208624
"If ['Longitude 6'], Then ['Latitude 148', 'Magnitude Type ML', 'Month 33', 'Year 41']","('Longitude 6',)","('Latitude 148', 'Magnitude Type ML', 'Month 33', 'Year 41')",30265,9625,9577,0.6557,0.6808959852208624
"If ['Depth 6', 'Magnitude Type ML', 'Region Name ISLAND OF HAWAII, HAWAII'], Then ['Latitude 148', 'Longitude 6']","('Depth 6', 'Magnitude Type ML', 'Region Name ISLAND OF HAWAII, HAWAII')","('Latitude 148', 'Longitude 6')",8774,28010,8760,0.6556,0.6864116471595775
"If ['Depth 6', 'Latitude 148', 'Longitude 6', 'Magnitude Type ML'], Then ['Region Name ISLAND OF HAWAII, HAWAII']","('Depth 6', 'Latitude 148', 'Longitude 6', 'Magnitude Type ML')","('Region Name ISLAND OF HAWAII, HAWAII',)",8789,27976,8760,0.6549,0.6851276557757543
"If ['Depth 5', 'Longitude 6', 'Magnitude Type ML', 'Region Name ISLAND OF HAWAII, HAWAII'], Then ['Latitude 148', 'Year 41']","('Depth 5', 'Longitude 6', 'Magnitude Type ML', 'Region Name ISLAND OF HAWAII, HAWAII')","('Latitude 148', 'Year 41')",8268,26000,8216,0.6549,0.6806387225548902
"If ['Latitude 148', 'Year 41'], Then ['Depth 5', 'Longitude 6', 'Magnitude Type ML', 'Region Name ISLAND OF HAWAII, HAWAII']","('Latitude 148', 'Year 41')","('Depth 5', 'Longitude 6', 'Magnitude Type ML', 'Region Name ISLAND OF HAWAII, HAWAII')",26000,8268,8216,0.6549,0.6806387225548902
"If ['Depth 6', 'Latitude 148', 'Magnitude Type ML'], Then ['Longitude 6', 'Region Name ISLAND OF HAWAII, HAWAII']","('Depth 6', 'Latitude 148', 'Magnitude Type ML')","('Longitude 6', 'Region Name ISLAND OF HAWAII, HAWAII')",8789,27976,8760,0.6549,0.6851276557757543
"If ['Latitude 148', 'Month 28', 'Year 41'], Then ['Longitude 6', 'Region Name ISLAND OF HAWAII, HAWAII']","('Latitude 148', 'Month 28', 'Year 41')","('Longitude 6', 'Region Name ISLAND OF HAWAII, HAWAII')",9073,27976,8971,0.6547,0.6732317116603747
"If ['Depth 5', 'Latitude 148', 'Region Name ISLAND OF HAWAII, HAWAII'], Then ['Longitude 6']","('Depth 5', 'Latitude 148', 'Region Name ISLAND OF HAWAII, HAWAII')","('Longitude 6',)",9366,30265,9366,0.6547,0.6905336196927143
"If ['Longitude 6', 'Region Name ISLAND OF HAWAII, HAWAII'], Then ['Latitude 148', 'Month 28', 'Year 41']","('Longitude 6', 'Region Name ISLAND OF HAWAII, HAWAII')","('Latitude 148', 'Month 28', 'Year 41')",27976,9073,8971,0.6547,0.6732317116603747
"If ['Latitude 148', 'Longitude 6'], Then ['Depth 6', 'Magnitude Type ML', 'Region Name ISLAND OF HAWAII, HAWAII', 'Year 41']","('Latitude 148', 'Longitude 6')","('Depth 6', 'Magnitude Type ML', 'Region Name ISLAND OF HAWAII, HAWAII', 'Year 41')",28010,8632,8627,0.6537,0.691700874531501
"If ['Region Name ANTOFAGASTA, CHILE'], Then ['Longitude 29', 'Magnitude Type ML']","('Region Name ANTOFAGASTA, CHILE',)","('Longitude 29', 'Magnitude Type ML')",5440,11412,4811,0.653,0.4959720953409185
"If ['Depth 6', 'Latitude 148', 'Magnitude Type ML', 'Year 41'], Then ['Longitude 6', 'Region Name ISLAND OF HAWAII, HAWAII']","('Depth 6', 'Latitude 148', 'Magnitude Type ML', 'Year 41')","('Longitude 6', 'Region Name ISLAND OF HAWAII, HAWAII')",8647,27976,8627,0.653,0.6904200600085727
"If ['Depth 6', 'Latitude 148', 'Longitude 6', 'Magnitude Type ML', 'Year 41'], Then ['Region Name ISLAND OF HAWAII, HAWAII']","('Depth 6', 'Latitude 148', 'Longitude 6', 'Magnitude Type ML', 'Year 41')","('Region Name ISLAND OF HAWAII, HAWAII',)",8647,27976,8627,0.653,0.6904200600085727
"If ['Month 28', 'Region Name ISLAND OF HAWAII, HAWAII'], Then ['Longitude 6']","('Month 28', 'Region Name ISLAND OF HAWAII, HAWAII')","('Longitude 6',)",9261,30265,9261,0.653,0.6940029737320337
"If ['Depth 5', 'Latitude 148', 'Region Name ISLAND OF HAWAII, HAWAII', 'Year 41'], Then ['Longitude 6']","('Depth 5', 'Latitude 148', 'Region Name ISLAND OF HAWAII, HAWAII', 'Year 41')","('Longitude 6',)",9246,30265,9246,0.6528,0.6944985957376507
"If ['Longitude 6'], Then ['Depth 5', 'Latitude 148', 'Region Name ISLAND OF HAWAII, HAWAII', 'Year 41']","('Longitude 6',)","('Depth 5', 'Latitude 148', 'Region Name ISLAND OF HAWAII, HAWAII', 'Year 41')",30265,9246,9246,0.6528,0.6944985957376507
"If ['Depth 5', 'Longitude 6', 'Magnitude Type ML'], Then ['Latitude 148', 'Year 41']","('Depth 5', 'Longitude 6', 'Magnitude Type ML')","('Latitude 148', 'Year 41')",8350,26000,8249,0.6526,0.6762193019424543
"If ['Latitude 148', 'Longitude 6', 'Magnitude Type ML', 'Month 28'], Then ['Region Name ISLAND OF HAWAII, HAWAII', 'Year 41']","('Latitude 148', 'Longitude 6', 'Magnitude Type ML', 'Month 28')","('Region Name ISLAND OF HAWAII, HAWAII', 'Year 41')",8135,24930,7994,0.6517,0.6698974911252045
"If ['Longitude 6'], Then ['Latitude 148', 'Month 28', 'Region Name ISLAND OF HAWAII, HAWAII']","('Longitude 6',)","('Latitude 148', 'Month 28', 'Region Name ISLAND OF HAWAII, HAWAII')",30265,9180,9180,0.6517,0.6966793325623658
"If ['Latitude 148', 'Month 28', 'Region Name ISLAND OF HAWAII, HAWAII'], Then ['Longitude 6']","('Latitude 148', 'Month 28', 'Region Name ISLAND OF HAWAII, HAWAII')","('Longitude 6',)",9180,30265,9180,0.6517,0.6966793325623658
"If ['Magnitude Type ML', 'Region Name ISLAND OF HAWAII, HAWAII', 'Year 41'], Then ['Latitude 148', 'Longitude 6', 'Month 33']","('Magnitude Type ML', 'Region Name ISLAND OF HAWAII, HAWAII', 'Year 41')","('Latitude 148', 'Longitude 6', 'Month 33')",21115,11264,9571,0.6515,0.43190985619081024
"If ['Latitude 148', 'Longitude 6', 'Month 33'], Then ['Magnitude Type ML', 'Region Name ISLAND OF HAWAII, HAWAII', 'Year 41']","('Latitude 148', 'Longitude 6', 'Month 33')","('Magnitude Type ML', 'Region Name ISLAND OF HAWAII, HAWAII', 'Year 41')",11264,21115,9571,0.6515,0.43190985619081024
"If ['Latitude 148', 'Magnitude Type ML', 'Month 28'], Then ['Longitude 6', 'Region Name ISLAND OF HAWAII, HAWAII', 'Year 41']","('Latitude 148', 'Magnitude Type ML', 'Month 28')","('Longitude 6', 'Region Name ISLAND OF HAWAII, HAWAII', 'Year 41')",8174,24930,7994,0.6493,0.6673038630027878
"If ['Month 28', 'Region Name ISLAND OF HAWAII, HAWAII', 'Year 41'], Then ['Longitude 6']","('Month 28', 'Region Name ISLAND OF HAWAII, HAWAII', 'Year 41')","('Longitude 6',)",9023,30265,9023,0.6491,0.7018668428878242
"If ['Latitude 148', 'Region Name ISLAND OF HAWAII, HAWAII', 'Year 41'], Then ['Longitude 6', 'Magnitude Type ML', 'Month 28']","('Latitude 148', 'Region Name ISLAND OF HAWAII, HAWAII', 'Year 41')","('Longitude 6', 'Magnitude Type ML', 'Month 28')",24576,8232,7994,0.6482,0.6586604336261788
"If ['Latitude 148', 'Month 28', 'Region Name ISLAND OF HAWAII, HAWAII', 'Year 41'], Then ['Longitude 6']","('Latitude 148', 'Month 28', 'Region Name ISLAND OF HAWAII, HAWAII', 'Year 41')","('Longitude 6',)",8971,30265,8971,0.6482,0.7035849991739633
"If ['Longitude 6'], Then ['Latitude 148', 'Month 28', 'Region Name ISLAND OF HAWAII, HAWAII', 'Year 41']","('Longitude 6',)","('Latitude 148', 'Month 28', 'Region Name ISLAND OF HAWAII, HAWAII', 'Year 41')",30265,8971,8971,0.6482,0.7035849991739633
"If ['Longitude 6', 'Magnitude Type ML', 'Month 28'], Then ['Latitude 148', 'Region Name ISLAND OF HAWAII, HAWAII', 'Year 41']","('Longitude 6', 'Magnitude Type ML', 'Month 28')","('Latitude 148', 'Region Name ISLAND OF HAWAII, HAWAII', 'Year 41')",8232,24576,7994,0.6482,0.6586604336261788
"If ['Latitude 148', 'Magnitude Type ML', 'Month 28', 'Region Name ISLAND OF HAWAII, HAWAII'], Then ['Longitude 6', 'Year 41']","('Latitude 148', 'Magnitude Type ML', 'Month 28', 'Region Name ISLAND OF HAWAII, HAWAII')","('Longitude 6', 'Year 41')",8099,25897,7994,0.6479,0.6844858087839397
"If ['Month 33', 'Region Name ISLAND OF HAWAII, HAWAII'], Then ['Latitude 148', 'Longitude 6', 'Magnitude Type ML', 'Year 41']","('Month 33', 'Region Name ISLAND OF HAWAII, HAWAII')","('Latitude 148', 'Longitude 6', 'Magnitude Type ML', 'Year 41')",11349,21162,9571,0.6478,0.4277680906713165
"If ['Latitude 148', 'Longitude 6', 'Magnitude Type ML', 'Year 41'], Then ['Month 33', 'Region Name ISLAND OF HAWAII, HAWAII']","('Latitude 148', 'Longitude 6', 'Magnitude Type ML', 'Year 41')","('Month 33', 'Region Name ISLAND OF HAWAII, HAWAII')",21162,11349,9571,0.6478,0.4277680906713165
"If ['Magnitude Type ML', 'Month 28', 'Region Name ISLAND OF HAWAII, HAWAII'], Then ['Longitude 6', 'Year 41']","('Magnitude Type ML', 'Month 28', 'Region Name ISLAND OF HAWAII, HAWAII')","('Longitude 6', 'Year 41')",8156,25897,8034,0.6476,0.6818478803950959
"If ['Latitude 148', 'Month 33', 'Region Name ISLAND OF HAWAII, HAWAII'], Then ['Longitude 6', 'Magnitude Type ML', 'Year 41']","('Latitude 148', 'Month 33', 'Region Name ISLAND OF HAWAII, HAWAII')","('Longitude 6', 'Magnitude Type ML', 'Year 41')",11224,21652,9571,0.6474,0.44745762711864406
"If ['Depth 5', 'Longitude 6', 'Magnitude Type ML', 'Year 41'], Then ['Latitude 148', 'Region Name ISLAND OF HAWAII, HAWAII']","('Depth 5', 'Longitude 6', 'Magnitude Type ML', 'Year 41')","('Latitude 148', 'Region Name ISLAND OF HAWAII, HAWAII')",8283,27191,8216,0.647,0.6936679140068971
"If ['Latitude 148', 'Region Name ISLAND OF HAWAII, HAWAII'], Then ['Depth 5', 'Longitude 6', 'Magnitude Type ML', 'Year 41']","('Latitude 148', 'Region Name ISLAND OF HAWAII, HAWAII')","('Depth 5', 'Longitude 6', 'Magnitude Type ML', 'Year 41')",27191,8283,8216,0.647,0.6936679140068971
"If ['Depth 6', 'Longitude 6', 'Region Name ISLAND OF HAWAII, HAWAII'], Then ['Latitude 148']","('Depth 6', 'Longitude 6', 'Region Name ISLAND OF HAWAII, HAWAII')","('Latitude 148',)",10188,34573,10166,0.6459,0.7048706460471167
"If ['Depth 5', 'Magnitude Type ML', 'Region Name ISLAND OF HAWAII, HAWAII', 'Year 41'], Then ['Latitude 148', 'Longitude 6']","('Depth 5', 'Magnitude Type ML', 'Region Name ISLAND OF HAWAII, HAWAII', 'Year 41')","('Latitude 148', 'Longitude 6')",8228,28010,8216,0.6459,0.7059453286703304
"If ['Month 33', 'Region Name ISLAND OF HAWAII, HAWAII'], Then ['Longitude 6', 'Magnitude Type ML', 'Year 41']","('Month 33', 'Region Name ISLAND OF HAWAII, HAWAII')","('Longitude 6', 'Magnitude Type ML', 'Year 41')",11349,21652,9617,0.6458,0.4406004105371194
"If ['Longitude 6', 'Month 33'], Then ['Latitude 148', 'Magnitude Type ML', 'Region Name ISLAND OF HAWAII, HAWAII', 'Year 41']","('Longitude 6', 'Month 33')","('Latitude 148', 'Magnitude Type ML', 'Region Name ISLAND OF HAWAII, HAWAII', 'Year 41')",11506,20866,9571,0.6453,0.4105083110389895
"If ['Latitude 148', 'Magnitude Type ML', 'Region Name ISLAND OF HAWAII, HAWAII', 'Year 41'], Then ['Longitude 6', 'Month 33']","('Latitude 148', 'Magnitude Type ML', 'Region Name ISLAND OF HAWAII, HAWAII', 'Year 41')","('Longitude 6', 'Month 33')",20866,11506,9571,0.6453,0.4105083110389895
"If ['Longitude 6'], Then ['Depth 6', 'Latitude 148', 'Magnitude Type ML']","('Longitude 6',)","('Depth 6', 'Latitude 148', 'Magnitude Type ML')",30265,8789,8789,0.6452,0.7095985461754502
"If ['Depth 5', 'Latitude 148', 'Longitude 6', 'Magnitude Type ML'], Then ['Region Name ISLAND OF HAWAII, HAWAII']","('Depth 5', 'Latitude 148', 'Longitude 6', 'Magnitude Type ML')","('Region Name ISLAND OF HAWAII, HAWAII',)",8290,27976,8252,0.6452,0.70272006853716
"If ['Depth 6', 'Magnitude Type ML', 'Region Name ISLAND OF HAWAII, HAWAII'], Then ['Longitude 6']","('Depth 6', 'Magnitude Type ML', 'Region Name ISLAND OF HAWAII, HAWAII')","('Longitude 6',)",8774,30265,8774,0.645,0.7100941681810672
"If ['Longitude 6', 'Region Name ISLAND OF HAWAII, HAWAII'], Then ['Depth 5', 'Latitude 148', 'Magnitude Type ML', 'Year 41']","('Longitude 6', 'Region Name ISLAND OF HAWAII, HAWAII')","('Depth 5', 'Latitude 148', 'Magnitude Type ML', 'Year 41')",27976,8249,8216,0.6448,0.7043093291442036
"If ['Region Name ISLAND OF HAWAII, HAWAII'], Then ['Depth 5', 'Latitude 148', 'Longitude 6', 'Magnitude Type ML', 'Year 41']","('Region Name ISLAND OF HAWAII, HAWAII',)","('Depth 5', 'Latitude 148', 'Longitude 6', 'Magnitude Type ML', 'Year 41')",27976,8249,8216,0.6448,0.7043093291442036
"If ['Depth 5', 'Latitude 148', 'Longitude 6', 'Magnitude Type ML', 'Year 41'], Then ['Region Name ISLAND OF HAWAII, HAWAII']","('Depth 5', 'Latitude 148', 'Longitude 6', 'Magnitude Type ML', 'Year 41')","('Region Name ISLAND OF HAWAII, HAWAII',)",8249,27976,8216,0.6448,0.7043093291442036
"If ['Depth 5', 'Latitude 148', 'Magnitude Type ML', 'Year 41'], Then ['Longitude 6', 'Region Name ISLAND OF HAWAII, HAWAII']","('Depth 5', 'Latitude 148', 'Magnitude Type ML', 'Year 41')","('Longitude 6', 'Region Name ISLAND OF HAWAII, HAWAII')",8249,27976,8216,0.6448,0.7043093291442036
"If ['Depth 6', 'Latitude 148', 'Magnitude Type ML', 'Region Name ISLAND OF HAWAII, HAWAII'], Then ['Longitude 6']","('Depth 6', 'Latitude 148', 'Magnitude Type ML', 'Region Name ISLAND OF HAWAII, HAWAII')","('Longitude 6',)",8760,30265,8760,0.6447,0.7105567487196431
"If ['Latitude 148', 'Magnitude Type ML', 'Month 28'], Then ['Longitude 6', 'Year 41']","('Latitude 148', 'Magnitude Type ML', 'Month 28')","('Longitude 6', 'Year 41')",8174,25897,8011,0.6447,0.6800844205679202
"If ['Longitude 6', 'Month 33', 'Region Name ISLAND OF HAWAII, HAWAII'], Then ['Latitude 148', 'Magnitude Type ML', 'Year 41']","('Longitude 6', 'Month 33', 'Region Name ISLAND OF HAWAII, HAWAII')","('Latitude 148', 'Magnitude Type ML', 'Year 41')",11349,21480,9571,0.6445,0.4355920543468914
"If ['Latitude 148', 'Magnitude Type ML', 'Year 41'], Then ['Longitude 6', 'Month 33', 'Region Name ISLAND OF HAWAII, HAWAII']","('Latitude 148', 'Magnitude Type ML', 'Year 41')","('Longitude 6', 'Month 33', 'Region Name ISLAND OF HAWAII, HAWAII')",21480,11349,9571,0.6445,0.4355920543468914
"If ['Longitude 6', 'Magnitude Type ML', 'Month 28', 'Region Name ISLAND OF HAWAII, HAWAII'], Then ['Latitude 148', 'Year 41']","('Longitude 6', 'Magnitude Type ML', 'Month 28', 'Region Name ISLAND OF HAWAII, HAWAII')","('Latitude 148', 'Year 41')",8156,26000,7994,0.6438,0.6820579466401652
"If ['Depth 6', 'Longitude 6', 'Region Name ISLAND OF HAWAII, HAWAII', 'Year 41'], Then ['Latitude 148']","('Depth 6', 'Longitude 6', 'Region Name ISLAND OF HAWAII, HAWAII', 'Year 41')","('Latitude 148',)",9963,34573,9954,0.6435,0.7116418946272627
"If ['Latitude 148', 'Longitude 6', 'Month 33', 'Year 41'], Then ['Magnitude Type ML', 'Region Name ISLAND OF HAWAII, HAWAII']","('Latitude 148', 'Longitude 6', 'Month 33', 'Year 41')","('Magnitude Type ML', 'Region Name ISLAND OF HAWAII, HAWAII')",11040,22795,9571,0.6434,0.48446257830530826
"If ['Depth 6', 'Latitude 148', 'Magnitude Type ML', 'Year 41'], Then ['Longitude 6']","('Depth 6', 'Latitude 148', 'Magnitude Type ML', 'Year 41')","('Longitude 6',)",8647,30265,8647,0.6429,0.7142904344952916
"If ['Depth 6', 'Longitude 6', 'Year 41'], Then ['Latitude 148']","('Depth 6', 'Longitude 6', 'Year 41')","('Latitude 148',)",10053,34573,10011,0.6427,0.7083634262602918
"If ['Depth 6', 'Magnitude Type ML', 'Region Name ISLAND OF HAWAII, HAWAII', 'Year 41'], Then ['Longitude 6']","('Depth 6', 'Magnitude Type ML', 'Region Name ISLAND OF HAWAII, HAWAII', 'Year 41')","('Longitude 6',)",8632,30265,8632,0.6426,0.7147860565009087
"If ['Depth 6', 'Latitude 148', 'Magnitude Type ML', 'Region Name ISLAND OF HAWAII, HAWAII', 'Year 41'], Then ['Longitude 6']","('Depth 6', 'Latitude 148', 'Magnitude Type ML', 'Region Name ISLAND OF HAWAII, HAWAII', 'Year 41')","('Longitude 6',)",8627,30265,8627,0.6425,0.7149512638361143
"If ['Magnitude Type ML', 'Region Name ISLAND OF HAWAII, HAWAII'], Then ['Latitude 148', 'Longitude 6', 'Month 33']","('Magnitude Type ML', 'Region Name ISLAND OF HAWAII, HAWAII')","('Latitude 148', 'Longitude 6', 'Month 33')",22795,11264,9687,0.6425,0.47312489742327263
"If ['Latitude 148', 'Longitude 6', 'Magnitude Type ML'], Then ['Month 33', 'Region Name ISLAND OF HAWAII, HAWAII', 'Year 41']","('Latitude 148', 'Longitude 6', 'Magnitude Type ML')","('Month 33', 'Region Name ISLAND OF HAWAII, HAWAII', 'Year 41')",22697,11091,9571,0.6423,0.47925011355659247
"If ['Longitude 6', 'Magnitude Type ML', 'Month 28', 'Year 41'], Then ['Latitude 148', 'Region Name ISLAND OF HAWAII, HAWAII']","('Longitude 6', 'Magnitude Type ML', 'Month 28', 'Year 41')","('Latitude 148', 'Region Name ISLAND OF HAWAII, HAWAII')",8070,27191,7994,0.6423,0.7012505959584846
"If ['Month 33', 'Region Name ISLAND OF HAWAII, HAWAII', 'Year 41'], Then ['Latitude 148', 'Longitude 6', 'Magnitude Type ML']","('Month 33', 'Region Name ISLAND OF HAWAII, HAWAII', 'Year 41')","('Latitude 148', 'Longitude 6', 'Magnitude Type ML')",11091,22697,9571,0.6423,0.47925011355659247
"If ['Latitude 148', 'Longitude 6', 'Magnitude Type ML', 'Month 28', 'Year 41'], Then ['Region Name ISLAND OF HAWAII, HAWAII']","('Latitude 148', 'Longitude 6', 'Magnitude Type ML', 'Month 28', 'Year 41')","('Region Name ISLAND OF HAWAII, HAWAII',)",8011,27976,7994,0.6418,0.7132140177901618
"If ['Region Name ISLAND OF HAWAII, HAWAII'], Then ['Longitude 6', 'Magnitude Type ML', 'Month 28']","('Region Name ISLAND OF HAWAII, HAWAII',)","('Longitude 6', 'Magnitude Type ML', 'Month 28')",27976,8232,8156,0.6412,0.7038357336375303
"If ['Latitude 148', 'Magnitude Type ML', 'Month 28', 'Year 41'], Then ['Longitude 6', 'Region Name ISLAND OF HAWAII, HAWAII']","('Latitude 148', 'Magnitude Type ML', 'Month 28', 'Year 41')","('Longitude 6', 'Region Name ISLAND OF HAWAII, HAWAII')",8027,27976,7994,0.6408,0.712235352922275
"If ['Latitude 148', 'Year 41'], Then ['Longitude 6', 'Magnitude Type ML', 'Month 28']","('Latitude 148', 'Year 41')","('Longitude 6', 'Magnitude Type ML', 'Month 28')",26000,8232,8011,0.6406,0.6776248045459746
"If ['Longitude 6', 'Magnitude Type ML', 'Month 28'], Then ['Latitude 148', 'Year 41']","('Longitude 6', 'Magnitude Type ML', 'Month 28')","('Latitude 148', 'Year 41')",8232,26000,8011,0.6406,0.6776248045459746
"If ['Longitude 6', 'Region Name ISLAND OF HAWAII, HAWAII', 'Year 41'], Then ['Latitude 148', 'Month 28']","('Longitude 6', 'Region Name ISLAND OF HAWAII, HAWAII', 'Year 41')","('Latitude 148', 'Month 28')",24930,9743,8971,0.6403,0.5908878686483542
"If ['Latitude 148', 'Month 28'], Then ['Longitude 6', 'Region Name ISLAND OF HAWAII, HAWAII', 'Year 41']","('Latitude 148', 'Month 28')","('Longitude 6', 'Region Name ISLAND OF HAWAII, HAWAII', 'Year 41')",9743,24930,8971,0.6403,0.5908878686483542
"If ['Latitude 148', 'Longitude 6'], Then ['Magnitude Type ML', 'Month 28', 'Region Name ISLAND OF HAWAII, HAWAII', 'Year 41']","('Latitude 148', 'Longitude 6')","('Magnitude Type ML', 'Month 28', 'Region Name ISLAND OF HAWAII, HAWAII', 'Year 41')",28010,8034,7994,0.6402,0.712156862745098
"If ['Month 33', 'Region Name ISLAND OF HAWAII, HAWAII'], Then ['Latitude 148', 'Longitude 6', 'Magnitude Type ML']","('Month 33', 'Region Name ISLAND OF HAWAII, HAWAII')","('Latitude 148', 'Longitude 6', 'Magnitude Type ML')",11349,22697,9687,0.6402,0.4658647727739234
"If ['Latitude 148', 'Magnitude Type ML', 'Month 28'], Then ['Longitude 6', 'Region Name ISLAND OF HAWAII, HAWAII']","('Latitude 148', 'Magnitude Type ML', 'Month 28')","('Longitude 6', 'Region Name ISLAND OF HAWAII, HAWAII')",8174,27976,8099,0.6402,0.7059284873979538
"If ['Latitude 148', 'Month 33', 'Year 41'], Then ['Longitude 6', 'Magnitude Type ML', 'Region Name ISLAND OF HAWAII, HAWAII']","('Latitude 148', 'Month 33', 'Year 41')","('Longitude 6', 'Magnitude Type ML', 'Region Name ISLAND OF HAWAII, HAWAII')",11149,22795,9571,0.6392,0.47782382144175933
"If ['Longitude 6', 'Month 33'], Then ['Latitude 148', 'Magnitude Type ML', 'Year 41']","('Longitude 6', 'Month 33')","('Latitude 148', 'Magnitude Type ML', 'Year 41')",11506,21480,9577,0.6391,0.42607544106967404
"If ['Depth 5', 'Magnitude Type ML', 'Region Name ISLAND OF HAWAII, HAWAII'], Then ['Longitude 6']","('Depth 5', 'Magnitude Type ML', 'Region Name ISLAND OF HAWAII, HAWAII')","('Longitude 6',)",8268,30265,8268,0.6366,0.7268131505038824
"If ['Longitude 6'], Then ['Depth 5', 'Latitude 148', 'Magnitude Type ML', 'Year 41']","('Longitude 6',)","('Depth 5', 'Latitude 148', 'Magnitude Type ML', 'Year 41')",30265,8249,8249,0.6363,0.727440938377664
"If ['Depth 5', 'Latitude 148', 'Magnitude Type ML', 'Region Name ISLAND OF HAWAII, HAWAII'], Then ['Longitude 6']","('Depth 5', 'Latitude 148', 'Magnitude Type ML', 'Region Name ISLAND OF HAWAII, HAWAII')","('Longitude 6',)",8252,30265,8252,0.6363,0.7273418139765405
"If ['Depth 5', 'Latitude 148', 'Magnitude Type ML', 'Year 41'], Then ['Longitude 6']","('Depth 5', 'Latitude 148', 'Magnitude Type ML', 'Year 41')","('Longitude 6',)",8249,30265,8249,0.6363,0.727440938377664
"If ['Longitude 6', 'Magnitude Type ML', 'Month 33', 'Region Name ISLAND OF HAWAII, HAWAII', 'Year 41'], Then ['Latitude 148']","('Longitude 6', 'Magnitude Type ML', 'Month 33', 'Region Name ISLAND OF HAWAII, HAWAII', 'Year 41')","('Latitude 148',)",9617,34573,9571,0.636,0.7208758196366157
"If ['Depth 5', 'Magnitude Type ML', 'Region Name ISLAND OF HAWAII, HAWAII', 'Year 41'], Then ['Longitude 6']","('Depth 5', 'Magnitude Type ML', 'Region Name ISLAND OF HAWAII, HAWAII', 'Year 41')","('Longitude 6',)",8228,30265,8228,0.6359,0.7281348091855279
"If ['Latitude 148', 'Magnitude Type ML'], Then ['Longitude 6', 'Month 33', 'Region Name ISLAND OF HAWAII, HAWAII', 'Year 41']","('Latitude 148', 'Magnitude Type ML')","('Longitude 6', 'Month 33', 'Region Name ISLAND OF HAWAII, HAWAII', 'Year 41')",23432,11091,9571,0.6357,0.4945896120551459
"If ['Longitude 6'], Then ['Depth 5', 'Latitude 148', 'Magnitude Type ML', 'Region Name ISLAND OF HAWAII, HAWAII', 'Year 41']","('Longitude 6',)","('Depth 5', 'Latitude 148', 'Magnitude Type ML', 'Region Name ISLAND OF HAWAII, HAWAII', 'Year 41')",30265,8216,8216,0.6357,0.7285313067900214
"If ['Depth 5', 'Latitude 148', 'Magnitude Type ML', 'Region Name ISLAND OF HAWAII, HAWAII', 'Year 41'], Then ['Longitude 6']","('Depth 5', 'Latitude 148', 'Magnitude Type ML', 'Region Name ISLAND OF HAWAII, HAWAII', 'Year 41')","('Longitude 6',)",8216,30265,8216,0.6357,0.7285313067900214
"If ['Longitude 6', 'Magnitude Type ML', 'Month 33', 'Region Name ISLAND OF HAWAII, HAWAII'], Then ['Latitude 148']","('Longitude 6', 'Magnitude Type ML', 'Month 33', 'Region Name ISLAND OF HAWAII, HAWAII')","('Latitude 148',)",9772,34573,9687,0.6357,0.7155923596283686
"If ['Longitude 6', 'Month 33', 'Region Name ISLAND OF HAWAII, HAWAII', 'Year 41'], Then ['Latitude 148', 'Magnitude Type ML']","('Longitude 6', 'Month 33', 'Region Name ISLAND OF HAWAII, HAWAII', 'Year 41')","('Latitude 148', 'Magnitude Type ML')",11091,23432,9571,0.6357,0.4945896120551459
